20
4.769585405424732
	[0.23927931558786153, 3.0181441598199563]
4.999999999999953
	[0.1781065860843639, 0.30569485395641643, 2.988310154033523, 3.041393988330437]


42
5.448865257310439
	[0.26745907477738384, 3.0491649930700544]
5.804404258803745
	[0.22817348342032986, 0.4154788987001948, 3.0262494802653963, 3.056459551009066]
5.9282775190310515
	[0.14837110042000853, 0.3334577467494667, 0.4259572585863982, 3.007423455794404, 3.0410534025654514, 3.0764613913193735]
5.978298674546318
	[0.1384805522378823, 0.2646577654527229, 0.3661795343418248, 0.43385256657721327, 3.0076821135026206, 3.028654547072857, 3.0596513556511895, 3.094380880998435]
5.993495441675486
	[0.0971533920816727, 0.23636606961459275, 0.3074450191010965, 0.3950652061699649, 0.4762218950439832, 2.985366373958071, 3.0187282477621737, 3.0358328516681983, 3.0660062540224406, 3.0984126462587276]
5.998517456505222
	[0.06828011734249892, 0.18915993297164044, 0.28661262567915413, 0.3358702026329062, 0.41599799247833064, 0.46314473122624017, 2.976731616692713, 3.001221905128876, 3.030543810628197, 3.0463924337562096, 3.076126454588151, 3.109956262255429]


51
6.68203121081985
	[0.2658060809359066, 3.0161778519779325]
6.969079539562257
	[0.2064357067922531, 0.3343383403061747, 2.990910518389429, 3.0610324549840198]
6.997593661590836
	[0.10510947396817491, 0.2771767614263565, 0.37215606642282606, 2.9880351084269416, 3.0185794102150325, 3.088573244811154]
6.999666645051543
	[0.09675860486521752, 0.23968276937770688, 0.37627538088938306, 0.43290648311678875, 2.970528218176156, 2.99720898409126, 3.0511858143646164, 3.1087056496376784]

86
6.8456067659681175
	[0.20353908387393577, 3.0666073908751414]
6.998538845896388
	[0.17346307711281114, 0.3247729664171751, 3.037737668586037, 3.0874994023981404]
6.999982326664945
	[0.0839209361657108, 0.2531471070518804, 0.36430038342588633, 3.0096041631084716, 3.05545396162237, 3.1066873723597808]


89
6.8866349246929905
	[0.2544668778496127, 3.0676747602813856]
6.9912274852281415
	[0.19903684592180712, 0.41088749771143424, 3.0522512937263993, 3.103073768445759]
6.999983981537138
	[0.10668831533577908, 0.29794251642518027, 0.4327933898789887, 2.992524544433517, 3.055655409265473, 3.1026279975084914]


100
7.794124202131325
	[0.21235242468805368, 3.0508609891821954]
7.986069434973273
	[0.16026852495283597, 0.2951687948187088, 3.0147604141908086, 3.074885339621427]
7.999938753478621
	[0.08912162956421144, 0.24028272904680323, 0.3436546630078837, 3.002247965814318, 3.0422353250813763, 3.1033648611991698]


126
10.256886477722652
	[0.34971933429162744, 2.9734055330472877]
10.7108414049009
	[0.22939940144906065, 0.3363120809753417, 2.9730646224863673, 3.031447374393007]
10.918555655449552
	[0.20651775051831278, 0.3197133319700408, 0.4393347516858662, 2.9669279210132027, 2.9808588478641442, 3.05331778962636]
10.985641935894101
	[0.1495156096370648, 0.2760397107988256, 0.3781435743461186, 0.39488129395789495, 2.9771078838057803, 2.9758568517740795, 3.011062852363174, 3.072024458225437]
10.997215002968066
	[0.08552921740318954, 0.2024912787935357, 0.2913494339875354, 0.3578340906045276, 0.37697747069281706, 2.9862194644987277, 2.989858877987888, 3.004565732841285, 3.025966732747227, 3.087937782541268]
10.999561851602346
	[0.04855161565273778, 0.1522624415120694, 0.24340410195782147, 0.3008639755673, 0.32932397338858754, 0.3522075471715323, 2.9720199564357306, 2.9872386443397705, 3.0019352050777166, 3.0200794793130656, 3.0485304751104016, 3.098398761321846]


127
9.661188650973056
	[0.3243474641361022, 3.021714042436433]
9.944872427222572
	[0.22825273602798396, 0.3615910463342704, 3.008948833420467, 3.061498395073185]
9.995643455318444
	[0.1326533381104055, 0.3136366346363916, 0.4033240591538464, 2.9920968926398257, 3.030606845502909, 3.090688035012212]
9.99866874992991
	[0.10015113514740102, 0.25338597095020426, 0.3680660504573366, 0.40686644685792245, 2.988393605409934, 3.0183220110986313, 3.0669198005083045, 3.1178710075394993]
9.999865995488456
	[0.06354379822508353, 0.19951727776977454, 0.32389428288743694, 0.4136642139772085, 0.4790276673237774, 2.981336117966678, 3.000640631049453, 3.033180521649978, 3.0820437873136717, 3.121383169030449]


163
6.2407860169741625
	[0.26116352971548235, 3.03365815920027]
6.570811239777728
	[0.16070716454948614, 0.30731414323319955, 3.0273642152337708, 3.067513562740023]
6.83963372882602
	[0.14814736147075996, 0.2329425290829085, 0.34756306679600774, 3.034702009721322, 3.0588272540671704, 3.076923370802701]
6.942727199660916
	[0.10595353472636052, 0.21451475154601687, 0.27661704953013105, 0.3584833527135901, 3.019673626472441, 3.055851523615057, 3.0699936562100905, 3.0912335852675303]
6.965685584636318
	[0.08513324229215148, 0.18535420972851496, 0.2536219922418185, 0.3054300478280706, 0.3731712064667698, 3.0178386230476226, 3.0393644229448684, 3.068460234157797, 3.078527501389968, 3.1060072733704427]
6.98928862341702
	[0.07502964424103403, 0.1766783809037154, 0.23828857108600465, 0.27338040987171475, 0.33450128417523733, 0.41318296559127193, 3.0051868904059518, 3.030141206071636, 3.0499749174672615, 3.0731456107680826, 3.0794621014292867, 3.1023482289789084]



182
5.791122293561927
	[0.28140560585942387, 3.060658341986337]
6.212408213450778
	[0.21963920728652023, 0.35714513267921233, 3.031069203271397, 3.0642408620052763]
6.450626788216102
	[0.2031338549287444, 0.3400655368556236, 0.3874472492616907, 3.0183543219812674, 3.0370577753547408, 3.080575562450806]
6.647260414475801
	[0.19867197978058615, 0.3416344904581064, 0.37650078852071434, 0.3855595016705218, 3.0166574762435996, 3.0200893964118585, 3.0431403869105424, 3.0733361037573714]


191
7.215663952275779
	[0.23223863021992538, 3.0290184538998153]
7.671018645725317
	[0.16911614440232522, 0.3193566115552107, 3.0143512612737378, 3.060475346830176]
7.8885256848141525
	[0.14277476554696902, 0.280256523389303, 0.37271866236672657, 3.0146115198044234, 3.0365876520115473, 3.080569789534382]
7.96302751059916
	[0.0925238291110104, 0.21664565838546765, 0.29916350518317153, 0.35595410731440036, 3.0119234954182708, 3.038034121707232, 3.0601038234353184, 3.0927748222771942]
7.9910632940564685
	[0.07739847274097286, 0.16829051832439337, 0.2515614621465332, 0.3033583232810131, 0.3291660287411493, 3.012098893164064, 3.0388140331776414, 3.0580693074232257, 3.0765631696017905, 3.106331300265122]
7.99541094582849
	[0.06145750160497606, 0.14355307799639958, 0.21166490910438504, 0.2641653408069171, 0.29468553512509355, 0.30753171745685826, 3.015016680933541, 3.0359910709054283, 3.0589257491688024, 3.0727908603793597, 3.091220666363035, 3.1203160696665964]


233
6.706365653872868
	[0.23690655448603448, 3.044497810075305]
7.470990818418952
	[0.1866497217103992, 0.26498931716899937, 3.0317990904258196, 3.0479664378534355]
7.769719492661956
	[0.146685185124914, 0.24361304982277035, 0.2902582593429506, 3.019127486948, 3.0352074579512824, 3.077094247155553]
7.914173410156168
	[0.12013140739232048, 0.22105581786899356, 0.2729207555417636, 0.31467030391320616, 3.0208279985903723, 3.023891378589845, 3.0555362944456212, 3.0934910936148188]
7.977234580311274
	[0.09885721941664062, 0.19188264994669704, 0.24708088289929325, 0.28814532146067556, 0.31283682257868906, 3.016558451359887, 3.028666041786675, 3.044478744700737, 3.0704806126005773, 3.106311033102998]
7.990896674231553
	[0.0782206190242245, 0.17595984635051332, 0.23029842411277557, 0.2751521017432925, 0.30217697959865986, 0.33658545644757654, 3.012379277223728, 3.023828561985607, 3.0422288648001468, 3.0582680680395606, 3.0882100777702397, 3.122596841987013]


306
7.428860089494481
	[0.2458707551976951, 3.050849451177939]
7.733327808028825
	[0.15525829840616162, 0.3054527679084802, 3.042436944761549, 3.0779441890848314]
7.903130554119077
	[0.12981784703281393, 0.2402050120453456, 0.36471763164464815, 3.045775318965081, 3.0622970752066045, 3.0938123837394182]
7.977904451932068
	[0.1033342490499255, 0.19958904805058317, 0.2723114166579313, 0.3713798414606626, 3.0317870687811332, 3.0655628054325446, 3.077112464596931, 3.102501470794046]


310
7.639432052186181
	[0.2580085746492677, 3.038215892065379]
8.228744869980131
	[0.18522385336036162, 0.3046840195783227, 3.0180253089697935, 3.0521789266902624]
8.546811870697704
	[0.16632805202877665, 0.2727723316505644, 0.33640746178264647, 3.0088673149877545, 3.025265519942051, 3.070298815532446]
8.749605018036576
	[0.1431932721962266, 0.2561694844208691, 0.311755530319611, 0.3356629312536157, 3.010689075054638, 3.0144565817905993, 3.0408542509370062, 3.078352729048045]
8.898309065223762
	[0.12610610629150995, 0.22862228387973055, 0.2911030549455351, 0.3212284893138894, 0.33167804631653725, 3.0121609223888637, 3.020236796293382, 3.027759543956146, 3.047640472331443, 3.0835380364260776]
8.960963973866114
	[0.08802626223902271, 0.20470819839894677, 0.25806028357516486, 0.31025960103982275, 0.32485226415620005, 0.3391965318358809, 3.00619904026578, 3.0177517244170358, 3.028628176743887, 3.0305533905048376, 3.0510216612111263, 3.0915483997825417]



311
7.576601609536793
	[0.25877216490988103, 3.0442415598575123]
7.854678074593302
	[0.18122407018975414, 0.31229732598764526, 3.0310408739432053, 3.0807078110870343]
7.956103176448189
	[0.13888112189554874, 0.2711550284050439, 0.35121621638880884, 3.0272362635853596, 3.0599384569707593, 3.103128620535882]



335
7.414808339046411
	[0.23517529977895188, 3.0472983250412886]
8.27640459503093
	[0.20312468604040057, 0.31051450813037484, 3.02298527091043, 3.033829615134628]
8.599442873826627
	[0.13750442271041577, 0.2281112084060763, 0.26390034065021895, 3.040076896731927, 3.0446107492447263, 3.0647063177983402]
8.780864412399822
	[0.13025859370415535, 0.20129572611456856, 0.24240157999591913, 0.3200245103832366, 3.0350705311805037, 3.044348346564231, 3.0482041484547375, 3.084013876239333]


362
9.176819659495344
	[0.21447041001815373, 3.010335893148798]
9.7555284075146
	[0.1455529089079281, 0.24859608438468378, 3.0087460097939043, 3.053822353389747]
9.857677103779775
	[0.08917596952501168, 0.19697967405690034, 0.2577108744946289, 3.009960675897006, 3.0352784971226154, 3.08608372867495]
9.941715855954124
	[0.10627859470224327, 0.2066034553114451, 0.27827493762630245, 0.3847823758355028, 3.0163009178590188, 3.025832973820598, 3.0746188141316155, 3.1020345392917354]
9.982009997239949
	[0.06697576350844525, 0.16191584414329796, 0.22738469983315732, 0.29138242523258856, 0.3537311086648021, 3.006781659171023, 3.032085422054911, 3.046805674479416, 3.0840873160360927, 3.1040295920270164]


378
8.977452950915938
	[0.24320634997354904, 3.012574146563917]
9.5434672459516
	[0.15508931031101192, 0.2859345016623211, 3.0140747050510206, 3.047716007122468]
9.77338090320411
	[0.11804005347458867, 0.21713595876586467, 0.3075013128882967, 3.0141435832445573, 3.0363979205104417, 3.0712845445017374]
9.919341113100614
	[0.10581666157174695, 0.17578483674088197, 0.255902187923435, 0.32978402364775017, 3.023050402456553, 3.0416013270505613, 3.049667258004679, 3.084915300023932]
9.981510795544681
	[0.07912010128771897, 0.16568678578653473, 0.208178556488009, 0.27725768831197806, 0.3245797557069577, 3.0092534898685552, 3.0423955313661457, 3.0512818473777825, 3.0617758659605454, 3.094396827654725]


411
8.216629188770346
	[0.23948480672703154, 3.0470101920408674]
8.66818074907154
	[0.1742912618726941, 0.3088652634834559, 3.0392293227607725, 3.0697203431847995]
8.863567558483268
	[0.13478067038131658, 0.2580337243716628, 0.33308195530980794, 3.032844341032567, 3.0593340529795747, 3.0886313271161474]
8.947017402243034
	[0.10279770594372771, 0.21552534887804645, 0.28812404343847375, 0.34313805460414465, 3.024707229645142, 3.0520276461792997, 3.074156946210805, 3.1016547951337423]
8.977604933565155
	[0.08784111412172972, 0.18200106008736855, 0.2537681533245434, 0.3019585046947649, 0.3326778372910694, 3.0208320956273242, 3.0460200497312493, 3.0677551110298453, 3.087740720914469, 3.1133512441003566]
8.989774296028024
	[0.06616208376417691, 0.16574987820926038, 0.22521745716497593, 0.28342686552634533, 0.32280030276435406, 0.3644490298306171, 3.005468991323039, 3.0310814521962905, 3.0534129778646855, 3.071793951768892, 3.0914640805823606, 3.1160604328094283]


418
8.4609191460123
	[0.2485591350146372, 3.02982828048447]
9.133155780777468
	[0.17362022489777967, 0.26313743026295944, 3.020993771912227, 3.051467283976379]
9.536847419500816
	[0.15395368278180183, 0.24664386892390444, 0.3089758457782275, 3.013627954048711, 3.0245071739180274, 3.065539731816271]
9.771391258676184
	[0.12481954817560505, 0.19660568449414026, 0.2578091441703245, 0.2890724697376641, 3.0236816077788977, 3.0289425225453495, 3.043836893079291, 3.075839842600355]
9.895998583207533
	[0.10490880989424281, 0.18566066104140178, 0.21914022183766046, 0.26419353218042746, 0.2875431783027785, 3.0173568924733347, 3.0315470491129313, 3.045333421036801, 3.049541006804393, 3.089343134030704]
9.958166674664017
	[0.08082509385270766, 0.16936732806320265, 0.2115179643563079, 0.2351117841667574, 0.27211258238394875, 0.2955044642045258, 3.0063827395478038, 3.024231365129571, 3.042758765872149, 3.0472369270815225, 3.0561459962325097, 3.099095280758593]


445
8.233190205141327
	[0.23300527639188562, 3.047353725919156]
8.620822301373282
	[0.17758000436103652, 0.31438065740990767, 3.0305667980190223, 3.071347650794841]
8.816913505780631
	[0.13654823876731684, 0.26536212367312173, 0.3493885326171209, 3.0314905141173676, 3.0566647426492315, 3.091098073042831]
8.931888792396753
	[0.10793012998081142, 0.21797264479636091, 0.2989005099391966, 0.3510318087855349, 3.0259085330257087, 3.0513468390471328, 3.076349244444765, 3.0992310955974345]
8.970876391026705
	[0.08325140484501006, 0.17801565001516753, 0.25391274347440834, 0.3165256851066457, 0.33506419608198645, 3.0183274545674696, 3.043929392017081, 3.0676388469576747, 3.084983589020835, 3.11042656323616]
8.988909259819271
	[0.06864014053439742, 0.1630581808501538, 0.22501324269268183, 0.29039396054670863, 0.3350527630772957, 0.3575938238819495, 3.0052225637323016, 3.0304981115757146, 3.056305437071646, 3.071608116379298, 3.0911955175622627, 3.1165011803877247]


476
7.743489997446072
	[0.2163225821689503, 3.075034621546052]
7.934690448991322
	[0.1597785879021168, 0.3446003262295108, 3.0680213153204905, 3.10015791866868]
7.984695829759682
	[0.1239708134859573, 0.26981809416566926, 0.3650667056741232, 3.0504545059734465, 3.092278962091339, 3.1128799197487966]
7.9967350421112195
	[0.1101778484230694, 0.23655865070892537, 0.3222951130874766, 0.3926763252195324, 3.0322265844419456, 3.06932536578934, 3.0994479681038687, 3.1208671492627817]
7.999576771882212
	[0.06819233886201716, 0.17888152215481154, 0.2651325719497884, 0.3397913019051263, 0.4316110245580708, 2.9969034885212946, 3.0322737893358784, 3.0704202545199966, 3.0998154940936815, 3.1194919761178523]
7.999966761748686
	[0.055975684977875674, 0.14617804809414242, 0.24646745148000687, 0.31025329179595806, 0.3694184144950378, 0.41964091765178285, 3.0071426255099, 3.028191769501864, 3.05862186036694, 3.087658248984562, 3.110982958347625, 3.12814879805369]


480 ??? something weird going on here
7.8529847515445335
	[0.2337292847162248, 3.0668892984533924]
8.150753665903196
	[0.18413089789803694, 0.3369521284876507, 3.0578581057639966, 3.086257786274745]
8.288118192736759
	[0.15850414808702648, 0.300289999864219, 0.3638331961203826, 3.0351478507904335, 3.072085193353738, 3.095370668200157]
8.511126640018439
	[0.18911079617120533, 0.3149541187325672, 0.35144167487835465, 0.33725258337409236, 3.0430168373870004, 3.0435446540054714, 3.061028350339274, 3.0724341406087214]
8.745087055908495
	[0.17394403444842035, 0.30364289802033634, 0.35080923936385855, 0.35214065584407744, 0.3385271844404931, 3.031621628246497, 3.0490529239310997, 3.0500514635280327, 3.0547426173347247, 3.0799350594787924]
8.884577318877268
	[0.14778194212834164, 0.28863446515625646, 0.3293713337324902, 0.35123208562700853, 0.34893333652531294, 0.335155777469322, 3.029322092100559, 3.0446299610907777, 3.0502437145621095, 3.048663731760596, 3.0615311026627032, 3.091442249870395]


501
9.745107699761311
	[0.2221675695043386, 3.011838106120815]
10.546257948696413
	[0.15746347446717993, 0.2758336414461293, 3.0070526337984824, 3.038698452293433]
10.78128363234146
	[0.10640995060137096, 0.20979318389913734, 0.2781450030905916, 3.009930189503001, 3.0285927200177802, 3.066252874482328]
10.885855711739692
	[0.10056369492956715, 0.17579144197627547, 0.25634908080903784, 0.31302426121271626, 3.008784646995001, 3.0267580057525993, 3.03822291650626, 3.087578676724963]
10.9533967283165
	[0.08705261344676238, 0.17231982696619416, 0.2189359942429037, 0.2977315865917926, 0.3405150101705075, 3.003284598787121, 3.031697023736768, 3.03101453155924, 3.052618105977497, 3.096002047632072]


512
9.109210837973055
	[0.20542419285941532, 3.0426207489143784]
9.54160591156505
	[0.16685149564476173, 0.29793733272863426, 3.0274170954921225, 3.0706723239246925]
9.815494528628879
	[0.1329385212762529, 0.26321278376713453, 0.33817822287168137, 3.02404362736936, 3.0553844336223546, 3.0801745253790758]
9.930622537358722
	[0.09565210519931486, 0.2111991794140192, 0.30686128373665084, 0.3291713038539328, 3.020022109005187, 3.0447039176023156, 3.068943379956081, 3.0936927880852654]
9.973695410230095
	[0.07647596247467618, 0.15671281601638837, 0.23571899444164876, 0.2982178169358663, 0.31259749737344683, 3.0221939672137323, 3.0480982907393264, 3.0661470793848062, 3.0790960359833037, 3.103947707703477]
9.985102116466976
	[0.06255495514534652, 0.14273197488362097, 0.20555376097749614, 0.27324708955659227, 0.31507855375883603, 0.3350972860696671, 3.0150119974565306, 3.03871388674034, 3.060008090804333, 3.070257774601238, 3.0879249973889573, 3.1172933215226384]


539
8.93589978302932
	[0.22361524224931723, 3.049594670352705]
9.250305823194932
	[0.17651034183866054, 0.30957442417175907, 3.023480356759822, 3.0793938456057925]
9.597736940926781
	[0.16615610414941312, 0.3021536042005622, 0.3424617837114815, 3.0209424511348026, 3.047187753475879, 3.0717513332788973]
9.808055048225489
	[0.14243967261919535, 0.2774339197760728, 0.3556640629540401, 0.3409725703520087, 3.0130802969309936, 3.042189834218304, 3.0531852748766797, 3.082080535388087]
9.910888784369655
	[0.10946260697694526, 0.2298548945925046, 0.32445987082451705, 0.34581985852116526, 0.331137220511089, 3.015424726041036, 3.0317612420220956, 3.0500481713521124, 3.0665460834633773, 3.089943785469795]
9.949018214528282
	[0.08828692155764753, 0.2046492694252428, 0.29521868556230696, 0.33623037679536205, 0.3631591086214256, 0.35278215547370656, 3.0031785596478375, 3.022611943489884, 3.0384839331923787, 3.054379578352177, 3.074107574488813, 3.0992325320887586]



543
10.209353351976498
	[0.21287350966991403, 3.0012264863744145]
10.596566202149923
	[0.13562524154792205, 0.21523384428235556, 3.0022106641836825, 3.0631286409817213]
10.829110936834358
	[0.122002527216902, 0.2132328228720656, 0.3040952770782627, 2.998258983842517, 3.023135938567332, 3.0852045824975325]
10.937895195107076
	[0.09716654408881865, 0.18352329573664466, 0.2805289957007361, 0.30558654324224516, 2.9988844542778383, 3.0181468451226094, 3.0505220166559557, 3.099395084573922]
10.982378687465442
	[0.0848836285958984, 0.17275794494722274, 0.252784424155414, 0.3088121706938261, 0.3292109307785747, 2.99836607777287, 3.0121532998755565, 3.0433246113059496, 3.074680589815503, 3.1120724403288844]
10.950861307233886
	[0.025775099055238698, 0.0582338337738601, 0.14716769108003508, 0.21097863959329236, 0.27972709456662426, 0.2974808449842024, 2.9, 3.000687300071377, 2.9976176397411334, 3.037815374646367, 3.057544257263456, 3.1070931399805897]



545
9.962749226566979
	[0.25611045598322724, 3.00199491209902]
10.610849371357263
	[0.16849906761603078, 0.25575790385252334, 3.0073468002055264, 3.043700847931201]
10.786710013286914
	[0.11274894827696437, 0.2177112698913237, 0.28642229088482735, 3.0038149225822237, 3.0230817682810063, 3.0726907938823564]
10.897312055058451
	[0.1014250709959873, 0.1667660509884221, 0.2399656332511166, 0.29890388531181045, 3.0157474133366513, 3.0256601345501966, 3.0488304825288375, 3.085370714863071]
10.9612957009486
	[0.09771015817487771, 0.1672212301364157, 0.22557405712220274, 0.29565201322065815, 0.3576758985667404, 3.0053810378516057, 3.0341616610869346, 3.0337251531027642, 3.0557039259370122, 3.094961447106537]
10.991024554735427
	[0.07014825552782264, 0.1497153418358417, 0.20432080574335323, 0.23557602254365564, 0.2921868058959618, 0.32348796155961546, 3.0073381323822934, 3.0216140845519215, 3.04487029160981, 3.0452025348852354, 3.0712065449364476, 3.0983908205004993]



558
9.167730697290462
	[0.23412728365646934, 3.0351124956406332]
9.677396606393158
	[0.14794409482384976, 0.26697079023834686, 3.0318958104329594, 3.0618358609237606]
9.871332085625978
	[0.13159425770270386, 0.21305062746235956, 0.31506756077328973, 3.0306296724253965, 3.045850604845408, 3.087657230293086]
9.970682508472123
	[0.10442464956726645, 0.20282428373437716, 0.25601412936533924, 0.36235155531546825, 3.021091679125236, 3.04732948156723, 3.0603693603201227, 3.094997097834502]
9.988286736004028
	[0.07673922463634833, 0.17433031749754194, 0.2360519023093156, 0.28575853593002587, 0.3328562560978161, 3.016065520630025, 3.036713940294363, 3.059563471237331, 3.0777460665749143, 3.109727683471473]
9.995470731358045
	[0.0597266538797419, 0.14668959203994736, 0.21313158138515578, 0.25825450412222306, 0.2833435228859431, 0.3257896015807834, 3.0138767588014312, 3.0302325827663914, 3.052130774760815, 3.0719098360447155, 3.090136088019847, 3.1190410711871146]



562
9.097515703527554
	[0.25793064490710266, 3.039382247320805]
9.573570344545303
	[0.17671506961291297, 0.2953210528074233, 3.0328683393050673, 3.063675606666325]
9.832423758958146
	[0.14984333257915528, 0.25658073526345454, 0.3305565543923542, 3.023305768314995, 3.0485653332213687, 3.077721226930558]
9.921385979529967
	[0.10863954933922508, 0.22226823759973177, 0.2886713967631758, 0.3216898837751945, 3.0244027538134004, 3.0387071607262848, 3.063654069676271, 3.096314243848123]
9.958150926415982
	[0.08401432311820398, 0.1748070611050273, 0.24558527516663217, 0.289379332545901, 0.31989482514135126, 3.0189326350408203, 3.039962650137897, 3.055568680607214, 3.0762971886489634, 3.1050079602011507]
9.98181185393418
	[0.08168117782810282, 0.1677853738211348, 0.22165683667479436, 0.2859928453822903, 0.3132731477766016, 0.3528655563400221, 3.005172016174299, 3.024228938950495, 3.043805510263642, 3.058038448582309, 3.0771206504565303, 3.107608667765528]



567
9.159421388859665
	[0.20241432889587607, 3.037105723288034]
9.400022902553902
	[0.13156363495800183, 0.23488227315060548, 3.026037177734554, 3.0791390362284026]



577
8.708634529295356
	[0.19818698618585107, 3.0572960071047133]
9.10842786325789
	[0.16011337008378712, 0.3052898854100155, 3.04341940325988, 3.0708541071269004]
9.340144002829666
	[0.1218613462637895, 0.24581992788435705, 0.31376931618831216, 3.0392819770870942, 3.063440034138926, 3.0832624729606746]
9.53661178154431
	[0.12399089127925364, 0.20102482153531942, 0.28658513259990787, 0.3418791197775828, 3.044571559919162, 3.057860820779663, 3.0645218620007277, 3.086290749412643]
9.718579699327131
	[0.12051445786994061, 0.19080818664879803, 0.23742754039762518, 0.3326102713537042, 0.3370342187079689, 3.029717503379787, 3.0633585808415087, 3.0574936837619577, 3.0618204128322404, 3.081604441235643]
9.892074404172144
	[0.1127559722371163, 0.19799910484054814, 0.2190724368074649, 0.2807184304674828, 0.3289837487759858, 0.31843697558857004, 3.021886047783121, 3.0467879247332297, 3.0695782001296164, 3.061953608630488, 3.0616550173482255, 3.083969033444342]



584
8.989595710144703
	[0.23299781599789726, 3.038916221098441]
9.528677383200925
	[0.14623391587584147, 0.2743238121314414, 3.031567253618852, 3.058831417978804]
9.770324403030173
	[0.11760218610392967, 0.21325976906808333, 0.3084090224504775, 3.0355109965058995, 3.039075879264381, 3.081806735241885]
9.918964221293955
	[0.10264046965658802, 0.1747691869182911, 0.25417780100927395, 0.33426444978793085, 3.0400896286563257, 3.0470952663671746, 3.0513452422739236, 3.09160588989301]
9.97820408759915
	[0.08406795404238951, 0.15863491349494968, 0.20506966576287103, 0.2738889920471902, 0.3195891656757599, 3.0226547946032944, 3.051822983144022, 3.055373712060227, 3.0650649622407053, 3.0991667197969073]
9.993590560393606
	[0.06046071747604813, 0.14224540513567038, 0.18129750124953045, 0.2378848500836773, 0.29296853582682086, 0.31276548556390216, 3.010328845740839, 3.0366226817751985, 3.0590300283960965, 3.05650623726022, 3.0743891214075996, 3.112593907504802]



608
8.520330191616655
	[0.202701935389988, 3.068090986273307]
8.787577683199029
	[0.12033900842593234, 0.2667936880373516, 3.063945940537746, 3.0863134926258313]
8.942926511826835
	[0.11947596307235005, 0.1919826193992968, 0.3689514768538629, 3.0462547355427843, 3.075062841782508, 3.092817244768868]
8.990987461205195
	[0.08979707712821533, 0.17796807104269383, 0.25424590200807357, 0.34767876987953866, 3.0371186302383313, 3.0660864405687147, 3.092588556883126, 3.1113976451297884]
8.94253685175175
	[0.0853097987015584, 0.15166364451793482, 0.2618543857931737, 0.01654966601002267, 0.1964287586151319, 3.0502628500502413, 2.9984773262559536, 2.9494461960646285, 2.9, 3.0417092690333414]
8.995107722500146
	[0.07301310597580504, 0.07508707024705173, 0.027495434853676413, 0.120880957921718, 0.20912277661809303, 0.32888057848480134, 2.9900853848625255, 2.9, 2.9967472173579255, 3.0531932755643325, 3.0871754661761703, 3.101534381334683]



615
8.621474762885539
	[0.231944523551071, 3.0637282971747437]
9.261359014244073
	[0.23888414186187445, 0.334760772946883, 3.0266204142491735, 3.044963440949526]
9.7408201439126
	[0.20189908311296378, 0.3373354620448645, 0.30893171754458326, 3.0295311620771552, 3.0301036888779516, 3.0593782143091395]
9.908194038742565
	[0.16367346208883782, 0.31247284868091485, 0.3297272752858941, 0.33453109497070904, 3.023719750477709, 3.028747118372602, 3.0393455405600287, 3.086906811491713]
9.968885063156664
	[0.12133659716746376, 0.2578449731418767, 0.3304517302140609, 0.35226198094253625, 0.33129855129189806, 3.0091068516190203, 3.0185271393283344, 3.0357812321348367, 3.0543009110304027, 3.0946365780898453]
9.988835977719614
	[0.08376609077766523, 0.2063483612830859, 0.2900447747763091, 0.3372263914196495, 0.33702020900540985, 0.3192998280326423, 3.0092939454202456, 3.015545282258144, 3.0317385223284337, 3.045795149620273, 3.066955228681273, 3.108972446083074]



628
8.73060386696068
	[0.2994542003953469, 3.0555825405062675]
9.171340282979493
	[0.27051863814605365, 0.3884891261626411, 3.0286888541521013, 3.0627697922435915]
9.363033075536364
	[0.19353173541406632, 0.3587746590100462, 0.3539221131955787, 3.0273076688036626, 3.0370958720039223, 3.0791846418670463]
9.712124249829316
	[0.22071557242511727, 0.3680520380727195, 0.3718160211680703, 0.3425458676509458, 3.004727084753171, 3.00661381948491, 3.0214522484437167, 3.062338431409702]
9.902856517416902
	[0.1964327061123714, 0.33345519032783455, 0.387754232725882, 0.3542514705626374, 0.3652355027936736, 3.0081790075488657, 3.003116494780655, 3.014149379894454, 3.029424484741977, 3.0803247824130398]
9.973460018634695
	[0.18510790890868126, 0.33509412309521003, 0.37229912836096163, 0.3762820672012744, 0.3760117191491491, 0.37863474871435815, 3.0045983662101143, 3.001297020713763, 3.001340772733977, 3.01741158605107, 3.044210339970217, 3.087673712865664]



664
10.246256726993169
	[0.23938867984623008, 3.0236034934379146]
10.74417018462878
	[0.1655759958591474, 0.28146240693930813, 3.0156453559812104, 3.0594066519518925]
10.91643077045671
	[0.12522482102491664, 0.23951787889772255, 0.3166860448157435, 3.013283056443326, 3.042211532719405, 3.087063643041628]
10.97185219974892
	[0.09603338618240784, 0.2124151642511582, 0.29000287995165314, 0.3376439356414292, 3.0133071869547954, 3.032745743752897, 3.068053191689959, 3.108360036258034]
10.991700907123779
	[0.0724538448040902, 0.16192465718616014, 0.23564490839214436, 0.2872066300440267, 0.3322863653306958, 3.0157060982918713, 3.037634808159, 3.0581486832250486, 3.0853402591827632, 3.1147953890734956]
10.995905603505092
	[0.03960345374104195, 0.1227716921164483, 0.19685708057658266, 0.25796093289876126, 0.30280694437468375, 0.33867711038012094, 2.995266302004012, 3.0186531306140543, 3.0432414125590066, 3.0610707575247873, 3.0888816290421888, 3.1180127121211694]
	[0.03977155904839882, 0.12298061076972606, 0.19698187553870447, 0.25810272933798095, 0.30297132880644023, 0.338799890229848, 2.99544303278677, 3.0187482927476235, 3.0433043243758813, 3.0611199997038847, 3.0889228366651738, 3.118050500887942]
	[0.0394859147334874, 0.12263776121647131, 0.1967312314069248, 0.2576968557466459, 0.30254848756801334, 0.3384539219594298, 2.9951760196604353, 3.018608487261139, 3.043261885894211, 3.06108085983458, 3.0888626094878373, 3.11796965995428]



703
9.581210815918592
	[0.20580550908028228, 3.048926835638981]
10.102252329238448
	[0.18258035368080536, 0.30456873999564665, 3.0224326909076664, 3.0571232868247433]
10.41043667188002
	[0.1326513376575229, 0.263171107484039, 0.29859457633573255, 3.028326762945955, 3.0473088526350103, 3.0736539321686345]
10.7001938626335
	[0.1354819106318333, 0.21798719656034748, 0.29067852021795554, 0.34722685047046686, 3.0401495579513846, 3.0476037276324752, 3.0461314941404782, 3.0724842045733367]
10.824344349189465
	[0.09974351198712358, 0.19438209479341056, 0.23831675256091053, 0.309822589599737, 0.3323170406344098, 3.0122870460940323, 3.051666148903962, 3.0506884746650282, 3.0483276500238587, 3.0797638250147403]
10.975884095959689
	[0.102334868570011, 0.17907916444589775, 0.2299034353175787, 0.27240594005087476, 0.3137242326610002, 0.32381131874924296, 2.999389617906961, 3.029446734112088, 3.063310275698269, 3.0463967153843874, 3.0498186740468998, 3.0776977744753555]



707
9.861872756548596
	[0.26342387303113884, 3.0313205738125393]
10.594831880875214
	[0.18778346449915226, 0.2878239444204752, 3.0162562267262203, 3.046424475174134]
10.835906458192431
	[0.15820478830631393, 0.2630908728890734, 0.31720993049598123, 3.00815231139989, 3.022923252449907, 3.080375807600491]
10.937749455255377
	[0.11781185374397543, 0.23611763183281764, 0.2889246509533552, 0.32211744381241, 3.0131956775824205, 3.0151859790919717, 3.050084529277962, 3.0952204209184773]
10.980261707641949
	[0.0896441470613695, 0.1895975217640933, 0.2493377470911159, 0.2951849327782871, 0.31687834883540367, 3.012937680855415, 3.0243755935556935, 3.0383484308444113, 3.0660148226490227, 3.106816770090348]
10.991169992370072
	[0.06637060658270008, 0.16196931040708784, 0.2200854354186483, 0.26668710714579746, 0.2971915690734514, 0.3147424570423236, 3.0114038373994103, 3.0214189188762597, 3.0381766363414022, 3.053023962919584, 3.082680330902792, 3.1196583748154936]



709
9.647595684981473
	[0.24208961256898284, 3.0463225695387997]
10.175219972003335
	[0.18581834685012213, 0.3057929455789869, 3.0312533300812734, 3.062118809572078]
10.447073996106324
	[0.15753609374958047, 0.27095936718203223, 0.33773795825637803, 3.023365955308369, 3.0435027531704777, 3.0782083301362335]
10.64847184548608
	[0.14824105739944057, 0.2553235432591522, 0.3160744603278973, 0.32854105037302234, 3.019509638644345, 3.031752816502458, 3.051226140787919, 3.0795046955634673]
10.827613308016993
	[0.12385860086912005, 0.2343944105712816, 0.2954723102757105, 0.3240372372078929, 0.32113674222260313, 3.0123025623895447, 3.0279917875864366, 3.0365846679194015, 3.0471181045615596, 3.078911706651455]
10.93546524281995
	[0.10347344984103173, 0.20630937729352916, 0.275586508056729, 0.30202159655348754, 0.31194937461398337, 0.3064393934912712, 3.008253285344874, 3.0208230628306785, 3.0400692945431937, 3.0427107761159076, 3.0534819821333605, 3.0907815922596007]



710
9.669758163754144
	[0.25056668007959765, 3.0490095933214603]
9.932494794692957
	[0.1674316976951366, 0.3070143199049884, 3.0266970497247225, 3.0784477809343103]
9.97902513551723
	[0.11330480226151046, 0.25048497173589, 0.33265210870888745, 3.0275147394957105, 3.054568508759278, 3.108247442236439]
9.997185979825963
	[0.09047688902619362, 0.20612666819416722, 0.2828371771536553, 0.3628821914534123, 3.0173076795496905, 3.0483240001921548, 3.0843113121315135, 3.119177035313552]
9.999134969289397
	[0.06863147163834037, 0.1772010712421304, 0.2584278870619651, 0.32683808091068384, 0.3814724985119423, 3.0163659409975643, 3.037021389415234, 3.0719936939126535, 3.104102018969296, 3.1299176762510585]
	[0.06876848428345285, 0.17724502754540783, 0.258321604078899, 0.32640818034510066, 0.380750736160773, 3.0164611334027915, 3.037128052551876, 3.072114414821634, 3.104179683002415, 3.129927612977292]
	[0.0688062758007657, 0.1777014246193231, 0.2587375518887741, 0.3275175093662251, 0.3831690102561682, 3.016203541850931, 3.0369373038926333, 3.07200163818484, 3.1040752462774654, 3.129925002809475]
9.999702612842004
	[0.040015271878073515, 0.12531025552088512, 0.21278834737032878, 0.2855066799673787, 0.33559391752098655, 0.3846146244290118, 3.016107884138974, 3.0299661723437095, 3.0513048263748987, 3.0829431072843336, 3.111106596634183, 3.1310245518315414]



764
10.634992670712974
	[0.20045355676546994, 3.0353257730304897]
11.051270597167676
	[0.17634657175134774, 0.3019909783110842, 3.0071289717562646, 3.0708448499002916]
11.566620716691247
	[0.1495161024104693, 0.25693311714311146, 0.31342355822733087, 3.0181409958292966, 3.043441667494883, 3.059973121309664]
11.762887997477367
	[0.1078475318832765, 0.20771788263995114, 0.2987890018460289, 0.2970103102671216, 3.021560954014878, 3.0418209988245475, 3.0418470543697866, 3.0792034747139914]
11.92191420940823
	[0.09983256698768792, 0.1806262608113737, 0.2562485113378028, 0.2944578931999137, 0.3198212989402883, 3.0120901251483954, 3.041552353017108, 3.0456083548751924, 3.0488084765611347, 3.0842737945605596]
11.975024712958152
	[0.0676359824843819, 0.1530589993007193, 0.2196833265202975, 0.24742813153582646, 0.2822441206127299, 0.29132424019805486, 3.007234318347253, 3.0311493027737377, 3.051529094107867, 3.0542297262804645, 3.0607565403421773, 3.0960186045831493]



787
11.380460794024087
	[0.24062725934804916, 2.9983908312356244]
12.310354135243411
	[0.16710009398509884, 0.24415269116996355, 2.9949976561200113, 3.0336415617129973]
12.805183746010877
	[0.14524617300743184, 0.2148999763377195, 0.29345159485393824, 2.9991171198901423, 2.993797596448555, 3.0493372435377144]
12.957074513557277
	[0.08904034180747257, 0.1740608785008165, 0.23380884430156293, 0.2729397024260943, 3.0031100745207304, 3.0050856556855616, 3.012158502187728, 3.0598040001554043]
12.99573075872152
	[0.055617685106930596, 0.13319266177237543, 0.19454736316233992, 0.23051955289841375, 0.2527603147992113, 2.994757145625045, 3.0091468058361857, 3.0164285581176844, 3.024114834559119, 3.0788695225492195]
12.995730758560677
	[0.055616912846171804, 0.1331900292349522, 0.19454471329615639, 0.23051831460079136, 0.2527642279595668, 0.40213627520462986, 2.9947567260326258, 3.009148231975895, 3.0164286849717312, 3.0241135538178265, 3.0788667764917603, 3.141592653589793]



788
10.892979017393634
	[0.26061486635501646, 3.02107562548993]
11.528480381897456
	[0.17844707678095775, 0.27760162098999885, 3.016643635668778, 3.050624934383412]
11.804133802881484
	[0.1384366235627913, 0.23724916231823506, 0.3126799413311042, 3.015601769855781, 3.0320447547595935, 3.0737743576063643]



804
10.846512679915175
	[0.2607395245575167, 3.0160606180678444]
11.738141100726018
	[0.18004768155304535, 0.2620657851207979, 3.0101204254261273, 3.0387019182362054]
11.874632421036248
	[0.12993556642562823, 0.23382376528509016, 0.2768253403438146, 3.005649392794328, 3.0187334382564917, 3.0840418305360737]
11.919020146267716
	[0.10705882291755912, 0.20339936408004602, 0.2562955655921585, 0.2968443986813994, 3.012256124828964, 3.0149747694378526, 3.0549368791193126, 3.1068143857362878]
11.976488843756881
	[0.09890926782134588, 0.18223270484096893, 0.2339163885006736, 0.29210904134441495, 0.34675531517214203, 3.008222163526449, 3.022287323636813, 3.0408351428943066, 3.0730583705307604, 3.10989293240107]
11.987434609699969
	[0.05564277347746274, 0.1514313318572252, 0.21096362609574165, 0.2560078514913094, 0.30347277710441795, 0.3320876739629853, 2.9978031064249695, 3.0082997730105414, 3.0290978555688595, 3.045398375141104, 3.081287721852296, 3.1145597279149837]



812
10.412682250384396
	[0.25849495129119177, 3.0433409846858432]
10.807446501950395
	[0.20530052517699893, 0.3410161418859597, 3.012198526926698, 3.0667786493280316]
10.941152245288574
	[0.15196287225149174, 0.27890035861839535, 0.33678467702639475, 3.019720032221371, 3.0428302791542414, 3.0932980137140893]
10.986253502751083
	[0.10093247880312614, 0.23319477009563291, 0.2916420868911468, 0.33436722300142124, 3.0102230008646877, 3.0361383720599697, 3.0662939884317, 3.1049461723125393]
10.993836214959817
	[0.0608989105272411, 0.17212008004596874, 0.2650838810881069, 0.30585165205936693, 0.32442730522038155, 3.0097947031590278, 3.025499440840975, 3.0507812510659824, 3.0810089494511828, 3.118242747952986]
10.997709697102877
	[0.046309735994043116, 0.1406400328095235, 0.22936849859761865, 0.2901464793382182, 0.31632761502983026, 0.3435033008891132, 2.998554915783327, 3.018040595476435, 3.039413695390037, 3.0631972293514402, 3.0956052135778878, 3.126084513686262]



823
10.416658476501349
	[0.23438644928822314, 3.0438922414790532]
10.739070845992734
	[0.13553368673853283, 0.2711149549325077, 3.0334277114652752, 3.06967587233947]
10.878437793235559
	[0.12535866437697665, 0.23606489499475605, 0.3535333744642736, 3.025730655333258, 3.052800228461709, 3.099534551893469]
10.961934400147989
	[0.09993998644603985, 0.2112931220105779, 0.2964995374201678, 0.3692481257281618, 3.01374668325231, 3.0425618967185564, 3.0775526378500273, 3.106367769091733]
10.983344788786468
	[0.07364532079465615, 0.16228903462088856, 0.2478964892484339, 0.3084562298529672, 0.33761180124535317, 3.0202947744600954, 3.0362694847369385, 3.065179544737072, 3.0908855427939135, 3.1156946637152303]
10.99558614863625
	[0.06701499413069492, 0.1479646444988235, 0.21711241551242944, 0.2879906610789483, 0.31818374270610017, 0.3757796482203077, 3.007658489107549, 3.031382409839353, 3.050664430554643, 3.0748342241322635, 3.0968320285803026, 3.1202158383456884]



831
10.19085076749134
	[0.24064744615638317, 3.054746939909491]
10.635563574936706
	[0.16811302272132048, 0.31248161050689843, 3.04141300262421, 3.0665310359779867]
10.911678479949101
	[0.14399052074863414, 0.24515374530870296, 0.34185712196578394, 3.044872287686614, 3.053561630465144, 3.076279505030625]
10.981657128500192
	[0.10251235325733657, 0.20989646256259112, 0.2692767211286849, 0.34214128069443395, 3.0346973533267025, 3.05723529406452, 3.0692298173093153, 3.0966269990421753]
10.99284163617149
	[0.08130147558531113, 0.18133867826651462, 0.24245549706440397, 0.28457853652624204, 0.3372697236558035, 3.029074535265108, 3.0498159284344553, 3.0715009353535576, 3.085347912307266, 3.1135817622608437]
10.997133417140958
	[0.07064955638596618, 0.17354811865191916, 0.23349164159346247, 0.269343467172704, 0.33842617251666257, 0.4334554631050112, 3.0205984053694626, 3.042387225007543, 3.0617725728406953, 3.079186933733301, 3.094469717657064, 3.1231158411117406]



863
11.817206114893816
	[0.2475513978719486, 3.009696791682845]
12.483211818016109
	[0.16970100515850195, 0.2620159585841671, 3.0110645306699033, 3.048744294590749]
12.737894210991264
	[0.143369283998534, 0.24748949953310223, 0.3194338002126806, 2.995838342418134, 3.0250875798375634, 3.0745162793301106]
12.917167254121745
	[0.13614610570990837, 0.2343329185305446, 0.2973128980962794, 0.33213665759414146, 2.996188151597188, 3.009360814444148, 3.043135741735605, 3.074905412031984]
12.978124793443785
	[0.09034778223708471, 0.20450108660633265, 0.26600654484154534, 0.3016280656084097, 0.302280224958093, 2.9977034400120366, 3.0102707603701777, 3.0292755507032534, 3.055882080545205, 3.0931229570894585]
12.990964041749436
	[0.05741791333026321, 0.15518717755001088, 0.23567689275094605, 0.2658970494441248, 0.2914145037801215, 0.28544353600509126, 2.999682667664419, 3.0116977781599967, 3.025441028865861, 3.0454364745340436, 3.068115595669086, 3.108148063206169]



873
10.831491706803567
	[0.18542125664836098, 3.056620805670249]
11.385489086612523
	[0.1766619140021622, 0.3331917560180553, 3.045252747806135, 3.059342849946446]
11.694958737375739
	[0.17042349042514826, 0.2972473465093025, 0.36966854610972666, 3.0322346856790965, 3.050436762486739, 3.070265070900416]
11.85927335002881
	[0.1387217462236865, 0.2695880511208697, 0.3352443186737128, 0.3687411670580735, 3.01438410930425, 3.047970326130409, 3.063141726514987, 3.078536375932292]
11.938617289799723
	[0.11232461615167802, 0.2218740547917822, 0.2914018258863404, 0.3043841119464119, 0.349527410113234, 3.0218214776457457, 3.0419396107725203, 3.0693867372582955, 3.0757528533123897, 3.089233697513517]
11.973662607704467
	[0.08952391363741213, 0.20041139618926626, 0.26463245599623186, 0.29893097390879353, 0.31549655196965215, 0.38509938190162113, 3.010506777878533, 3.03857937475657, 3.0545364898337746, 3.07407019321076, 3.078426691969903, 3.098190259709498]



888
11.174255943471259
	[0.24025688538822976, 3.0357980479498665]
11.677204799699211
	[0.14099882443705666, 0.264117588800748, 3.036952923414008, 3.0581062019133167]
11.842654772369155
	[0.12349360545034645, 0.20377068031409457, 0.32247093172103747, 3.0316144925326634, 3.047695045262145, 3.088207146210918]
11.97024087394256
	[0.11280335438210458, 0.19891146581244543, 0.25872857171045366, 0.38557668997551964, 3.0251833598722917, 3.0495066826638233, 3.067397826451054, 3.093915072465824]
11.989135151719855
	[0.08048046306085045, 0.17434171742604493, 0.23460653816525617, 0.28699083029770667, 0.3419406329544225, 3.021210599217659, 3.039545999308137, 3.0652335415980105, 3.0831880446311706, 3.1078208558583973]
11.994267112320948
	[0.05874023426288838, 0.14859238572011674, 0.21604574470623675, 0.2642037683976231, 0.3091920052475787, 0.3677854619166727, 3.005564426302645, 3.025160319553319, 3.0497957150196466, 3.0706685818982176, 3.0845528176649473, 3.1158683219633154]



897
10.954484321982932
	[0.2646616192991058, 3.0494704092584493]
11.456671500119487
	[0.20663997829994274, 0.34030625967959266, 3.0268589515884132, 3.058547904938131]
11.771920481702141
	[0.18142552529496656, 0.29533571793729757, 0.33655243397007895, 3.0221000557008884, 3.0421759881405723, 3.076085726131261]
11.920483138134792
	[0.14097813331599546, 0.28072168244688933, 0.31877502944799324, 0.34918660813927993, 3.013087006088901, 3.0296560626399285, 3.0531752545907644, 3.0875143413891752]
11.969662969173205
	[0.10706637577587653, 0.22026047803530485, 0.29942413941318546, 0.3227497065640623, 0.33116895167038335, 3.0207539411985853, 3.0272710628869484, 3.0430821759104196, 3.0659609691461216, 3.100674595035159]
11.977383518957051
	[0.07505258185902974, 0.1857716193398962, 0.25997538393675246, 0.3177764905421256, 0.3276705498583743, 0.35205291209506917, 3.015080820977564, 3.027106840278695, 3.035492012057103, 3.052028160188438, 3.0773824666819465, 3.1147661461426455]



902
10.777162809686349
	[0.2472954672067651, 3.058971339125261]
11.241363805483267
	[0.19133239231766477, 0.3526881360446432, 3.041151689852518, 3.061354006190684]
11.611734559508902
	[0.1705489529641894, 0.26795228853894637, 0.3505468780029495, 3.0450812256750037, 3.0544892309839202, 3.0634858897339075]
11.83550108896432
	[0.16058916567794518, 0.258049048722866, 0.2912484082286339, 0.3860692766696549, 3.0313081676745828, 3.057554344299704, 3.047283403448662, 3.071151091117499]
11.937372441144019
	[0.13382544071315292, 0.25217800649057875, 0.26565518899925505, 0.3408175252720122, 0.40180526176884257, 3.0168822149417847, 3.0398363924806007, 3.060337421584812, 3.0505191957918614, 3.0802287201397127]
11.963337762424128
	[0.08952415181684524, 0.20980726350424836, 0.26749570331206574, 0.29519444997072825, 0.3381712262849823, 0.37837592225296507, 3.0144707130884436, 3.0296728147206977, 3.048365009216258, 3.0629295620272963, 3.059994977184354, 3.0940990334853318]



917
11.782766297926631
	[0.15349447849225653, 3.0447570881492787]
11.894506895211405
	[0.11209655593247063, 0.20898149680482225, 3.02700862184718, 3.0991909477273096]
11.990073501791395
	[0.11802130199543562, 0.24692409607093146, 0.3275716843471474, 3.0026296955076197, 3.0741102227615347, 3.1046418516374183]


953
11.476094752564004
	[0.2968833964201868, 3.058026255219604]
11.775538247732579
	[0.29674116989237764, 0.46769928691417073, 3.030071737635313, 3.0720143268630635]
11.955181067376396
	[0.22536148450811547, 0.4285790411556662, 0.43688263548352907, 3.0284460602947645, 3.0509311988156, 3.0814060738748457]
11.988150094020899
	[0.18052314455000293, 0.3891451138698917, 0.4786067519165589, 0.4561867922699464, 3.011546767744075, 3.030269152773893, 3.0514853210492383, 3.0958678213788398]
11.997227586228558
	[0.13629863699222197, 0.34718375484582337, 0.4490493903468918, 0.46259208397116736, 0.4756898171686346, 3.0119147122200025, 3.0255483341984664, 3.038828060573128, 3.0729509900310235, 3.1164123950475067]
